1.0451439029809226
0.5298497875365351
0.8800158606027618
0.7592520179038369
0.9240138847014833
0.8349439107552203
0.4244191251842635
1.8334841366683567
1.3073924478434584
0.2049022632224946
0.661745831141617
0.3675220552262032
3.034421163249926
1.4282851565734638
1.1222739699650335
0.8804174837809612
1.3942484461449913
0.2614774181386297
0.7686969093255974
1.1311226271641808
0.6147825532103395
0.5570597670942423
1.3903723543443554
1.07383884903974
0.1735201775224838
1.4723718368900662
0.8526975158922127
1.08121253109009
1.0504468212494036
0.6297453529752277
0.14330305767553347
0.505031918756494
1.7749646561742585
0.5991400129286815
0.24548913097552957
0.2959862512938425
1.0371022446025464
0.7901437256512256
0.7579943732016485
1.1997640819436661
1.9546068859415067
0.8090414308815155
0.7937206275467369
0.2863042734213608
0.6385835177721527
0.9891601893895237
0.5774731985339508
0.5707729780448954
0.5626383906715914
0.671905700715945
1.1736923405338524
1.1247876901977696
1.0203139253019482
0.5253887525277975
1.3202755601271154
0.631140856021043
1.4540736431842574
1.0145406416489533
0.8489597464417873
2.905417170970176
0.8754145378100011
0.5104044261695792
0.9608460133700689
1.205425689433262
1.1033148330983642
1.0745126700673626
0.5053625176427606
0.7802877035596578
0.49247208611853305
0.9261926980043238
0.927738381346121
0.5934504668377836
1.7598780288119964
0.1169826866659814
0.16783136564994333
1.1886217257486746
1.3513946795727325
1.0317854682577694
0.6409975733322117
1.6820813878578753
1.2381914782573218
0.16645111172125446
0.9729537269263064
0.7904773500976998
0.6719995772096699
0.8178059795241898
0.5761789295827837
0.8248489076081263
0.49986001691395787
1.2040986624968217
0.3087868024498676
0.6667380941335763
1.7819826608876945
0.5825917831052884
0.2995592320517921
1.577161611409399
0.6236640103089951
0.7980472768332463
1.8242568521556124
1.0031448998962615
1.33242846734578
0.5517128050269967
1.4680392880149888
1.0810505359081426
1.2581946540465478
1.370982285367426
0.2189487913890991
1.0078177279221083
0.7158316640297835
0.5720751426389404
0.8100601848244199
1.0236016827633767
0.5418146025630642
1.4538413740119291
1.214144747230402
0.48535832296404635
0.45602502235099956
0.5795457397608333
0.7682760116426447
0.8517020429673712
1.9620591194134356
0.06958885463583221
0.9880365920710148
1.5919654222521606
0.7857625812267327
0.7863732786826899
0.8106686406175494
0.9369788106665976
2.0806234048165013
0.33760457511286474
0.6779218174037283
1.1108937603756497
1.0277043370597638
0.5129444187163481
0.8377553444100413
1.147103725542345
0.8330366541977544
1.4988302495894288
0.36806064571410013
1.0421228684640769
1.202925103954133
0.5731098191076834
0.16075948475585256
0.4013216186518264
0.747657649939271
1.8951182189605884
0.8634154480996501
0.2932808932268682
1.204201257514834
0.15436050203252663
1.1127882695647595
0.6895053253766714
0.22440684676063133
0.6047417019400624
1.098030082787957
0.8085961170030488
0.2127613152492852
0.3996845555026337
0.486096623273206
0.5227852094864874
0.20064773829720894
0.3595364895786265
0.5887579139336019
1.5581427865836852
0.10550207530363533
0.4984180988027678
0.527991893684306
1.0234075538782437
0.8041674112084305
0.4114002879177758
0.676696917297767
1.1006180877978766
0.2834484653999753
1.61626960849345
1.4320566427824877
0.8301114880279346
1.1048423078475669
0.5301229182295687
0.6331156730622431
0.3475932067802551
0.9516221551609448
0.684956448031681
0.6263340135301194
0.7174513966284614
0.3652247294560039
1.943271347962295
1.4164470369173365
1.0089358827470458
0.9267946226002057
1.5886563540214786
0.11953775799130391
0.32393665415189643
0.47890575220375825
1.0829193433566726
1.206199515205077
1.2038743256380768
0.8907145300731031
0.693875468539517
1.2720604033681158
1.3830901527393167
0.4750372304849533
0.9323925705557445
0.3795559626614574
0.7146350910193112
0.5195853232232812
0.6472415327126098
0.8823554572970758
0.8157242479274491
0.5677762268305488
0.9960244147609458
0.8704911370149693
0.8519035617007666
0.33343441569213
0.9881431598799815
0.5971368268169646
1.028093225930137
0.35231622752238695
0.4508640912504448
0.6875688791269702
1.086338371682583
1.0832183455906865
0.37826129500603883
0.5787935038275794
1.0656812477561926
1.2944234696180574
1.5889030606589427
0.6626085799967186
1.1418549107243094
0.508244031074341
0.5209479282537485
0.48337620658537933
0.6145098783743821
1.7112880321475876
1.0645118228579709
0.5806646803719804
0.5926023794168626
0.4722884816702355
0.4379389828398541
0.5817248701895489
0.29180509214444583
0.9812109445329066
0.3363702848582956
0.5359928499089519
0.42129281060139734
0.24336368262493702
1.1439223695904166
1.6876486594369076
0.6268135325239116
0.7894687685554483
1.6252390381120885
0.6461795815666302
0.5989417922947315
0.8333446277884602
1.2771830175978014
1.2019835225044107
1.0275758050688553
0.2345450712766297
0.4161154411356656
0.8394787728500688
0.7258468812958213
0.3060225041155291
1.2125917420660635
0.1035268724365517
0.9893187488164491
0.0868789860386634
0.6737134186290799
0.9274469626236205
0.9537023017803564
1.5802847174214862
0.3017106420373134
0.7798016524745115
0.938842841945648
1.2109502898491862
0.8068101523831549
0.8764829640254603
1.1084507228597964
0.5039543529715534
1.2014187064944646
1.191729482937046
0.6544801415486594
1.0934841004006168
1.2908821585262638
0.21228524172259836
0.4432070957844595
1.1612968230005214
0.9439919665143324
0.4646378004347686
0.7513564834224118
0.7945644608118314
1.0583752913724518
0.6784075737081913
0.2937597183726663
0.7332805076239008
1.260242025917633
1.2130572899792549
0.6363925937578874
1.0854171378161563
1.3614382435939845
0.6257515568953202
1.589378330887092
1.2507717141378638
0.1740718519344952
1.269570501467147
1.1374716643572182
0.22845491678257773
1.4265173763045702
1.7147306896361518
0.7779414193531132
0.646164248174855
0.7243872082225773
1.4460997860671065
1.3474195241255156
0.2881597820600689
0.7399923365825533
0.9492357760518332
1.4189358986662375
0.09959835325585593
1.1375685820307075
0.62533367547297
0.8174427404786547
0.46625305150053126
0.3647591104260169
0.05594136106813956
1.1208429864728695
1.1775297184210038
0.7929574098346057
1.0683435647302149
0.36707691430837663
0.6678407474177662
1.1093619873653606
0.3747791455031941
0.5467671933929319
0.9324180159480273
0.6561562207007091
0.5362087850640539
0.28968528747148653
0.8019278361688594
0.421814968232142
0.6021232958671913
1.941535378766222
0.8255648123680159
0.5749549697729093
0.21131879805955223
0.44380155326931703
0.43172484027260705
0.2804734039696975
1.143360501155573
0.35720561472139006
0.9464018468616026
0.41463149870963445
2.0158478070126105
0.7388353478131763
0.8129566554097043
0.821846471493238
0.6382751414946501
0.3678641428869582
0.6793543274465679
0.5975191538928184
0.7663042972887466
0.7583997707230333
0.6098707837926209
0.703623608751273
0.4464324156795139
0.5581657807917663
2.5383326698032627
0.8334571668780482
0.7729875720413438
0.9705951384967314
1.6354840260107009
0.8567841634826633
0.5425847834726379
0.7913443498277227
1.2665810321315798
0.42259551139199625
0.6032487111775715
0.18101326591841344
0.28786679796588094
0.04132516792530053
1.5111975474329755
1.7861041957850505
1.8413011023790105
0.3476418720277152
1.2053849868330329
0.88973326757312
2.0428508131156735
0.42549472846285863
1.6244073521394335
0.7112056457201907
0.5513048576379838
0.6726250583845828
1.2034257414174268
1.2242050382973835
1.0161136612398258
0.8478538396180244
0.26943456573908325
0.985421537330962
1.250005179925451
1.0062073837952725
1.05827432162047
0.6551674061020653
0.6423309855967655
0.805058687757914
0.3350052507680656
0.2751317585472081
0.801178077625795
1.367653029115769
0.3778431748931157
0.8068077641425974
0.8149975833265233
0.8416300278569624
1.0163299221524729
0.5886875555743265
0.264286774943948
1.7149611249012442
1.0918329978808898
1.4955801169045482
1.2989639081861413
0.8216627576913539
1.2653159397115175
0.5511010371525185
0.788602254073586
0.8502689055303815
0.8274005396819332
0.6665098846720592
0.7357167940840058
1.1216452946072777
1.0090720209218722
0.3576785706813852
0.749269108240329
1.3029985624087526
1.8341485556448798
0.19518788905138287
0.8917609689271336
1.321189044320717
0.6494688672266317
0.6034424525867674
0.5637187301836872
0.8783475255479505
2.0825595207821843
1.3856790492544437
0.415833331915062
0.72419882784187
0.6827260056627291
0.6180244327701702
0.13057184491865445
0.9410289809375294
1.3549923543824263
1.8138023140874806
0.5045376163559073
0.3175394258913015
0.5660906463712607
0.9988383806667219
0.8666576545910383
1.4531461606780711
0.2612119651458178
0.31274869474701605
0.34829489869192753
1.9507413379630196
0.3910973710158882
0.9158065724023049
0.42527758280864225
0.5071109931737806
0.6255283311248566
1.2939023998101493
2.0794583574836243
2.162079409130584
0.7497148095805433
1.0146157100453244
0.5544914185435305
1.185719449500201
0.9431099566830302
0.957453961969956
0.46508982242732333
0.9385394481095058
0.47415417424403905
0.9260070037799972
0.4319975123339414
1.9708761341466818
0.8550036159721015
1.163859360836085
1.2498994290607663
1.1684264396405708
0.221301704095005
2.0239221418336766
1.1724716543470488
1.0592246723407437
0.6981236245365211
0.9422870619516309
0.5613971030891205
1.5065079129402426
0.6780936228516723
0.6057419518831801
0.755368251361398
0.9320399601161226
0.987595993834506
1.0714756568787456
0.5733779325084002
0.7447062351545418
0.6698187023942259
0.5130189470209423
0.6621076668488336
0.9975930964271918
1.3441429968934682
1.3306159450545434
1.4732344114317706
0.7381925066644439
1.939264011343923
1.3595581058032267
1.2680247231994397
1.0031976879548998
1.3232234144562987
1.8218256954482586
0.869277619213429
0.5844126382311982
1.1311960030116701
0.3069906696214761
1.4576186778934437
0.49302417555997047
0.35271533608449135
1.6174146841551145
0.9001650310015082
0.4211954193060739
0.25720685066634
0.5415256837777
0.4433744070247587
1.1217479692818462
1.044274745546491
0.587661941846368
1.066895507609241
0.5178257602387634
0.22740672100496073
1.003690838055369
1.3376606679446212
0.9016933393725104
0.6846621696227864
1.2783879821459019
0.39285406714523124
0.8277692826845683
0.5450636158965048
0.9427890761929164
1.0498640566747843
0.6576410777065379
0.9959256231117214
0.9993149406903364
0.9621217692070938
0.8754279642353979
1.5878101963589366
0.70333108103101
1.2138763720402679
0.6239621528302418
0.7907078079084424
0.4830872423863368
0.9355311591627404
0.5031726519272757
0.6904551246454859
0.775169609618736
0.3924375607177915
0.7829684574273849
0.9101257605004469
1.4310715495959556
0.6573892123455346
0.3453836074974462
0.816046273300556
0.13572594343329653
0.6880598746466985
0.7337651132411735
0.6490416539816486
0.2762538611623836
0.20118018043405503
0.23379811539324905
0.5653400263686514
0.8979835364623512
0.5339862471659174
1.2154700897650246
0.8856892108336092
1.6852080933431244
1.7957091074647464
1.4034363396532248
0.2310574244493955
0.8380442018967862
0.3410871612719698
0.7538615298883589
0.9033663598679493
0.5719402533675741
0.43239902721720114
0.716097564667468
1.602894511569384
0.737522843445145
0.5061899155532316
1.2476918580419574
0.8070360418479925
0.6239875282240182
1.328950150930042
1.4958898669552
0.8644815487005556
0.9258632728133019
0.4770673559941296
0.9827425455828116
0.8690000053092753
0.3219069539706775
0.174605529783566
0.3734121339858576
0.8727757598827595
1.133147100946204
1.0436019578592635
0.954194278615983
0.9787603710021765
1.0838086011753552
0.969339736148803
1.0414688865149488
0.4678826679267913
0.8252735122727304
0.7767959735754816
0.5839484557159336
0.13377365796688967
0.9186241699740507
0.6260227246880747
0.8411438252739347
0.55245241413925
1.4411416901417282
0.7516061279130688
0.4245318086903984
0.49031209735170966
0.9279826527884549
0.16508990388559563
0.7646632650361329
0.6880910440055201
0.6364082819456447
1.1161427184124548
1.1390633895414068
1.0348573116596753
0.5239022499989276
0.7332821092013116
1.1652161402301324
0.7608678706704711
0.37345577280275954
1.2991883908912376
0.5617943466464744
1.5494142597101639
0.4013071420862944
1.480768497116079
0.6593529945484905
0.6132510488654878
1.209350037086099
1.2238541283689528
0.4483593963817028
0.8028777862007207
0.5898956601790823
0.7423909289038125
0.4350687387601426
1.115647001275711
0.9377496199195368
0.9558367822151372
0.8808778631424087
0.6192987028338172
1.4876082741535273
1.090348416915918
1.1418091436063742
1.2954240594732667
0.38942448203404056
1.491965250806775
1.3800425766353106
1.7327724234051765
0.4755472950487786
1.8555839480646867
0.4476348498583764
0.81223383402995
0.963842844263596
0.8002211547726267
0.7594145211461818
0.9449379594485383
0.5674931081073578
1.2908436016654221
0.47230573333854153
0.6228894150790235
0.7270457878189722
0.5279014705100813
0.8754207165022863
0.6072198611854654
1.176504508135032
1.1235988570843083
0.05363537827998241
0.8377022699140513
1.3956370343528939
1.5589958953240606
1.400826199173547
1.375171225461232
0.4164827032512231
0.8017721381210413
1.324214381507394
0.74361066834732
0.5364948296573663
1.2020451602350422
1.2977773647520996
0.43071720653021855
0.8966413561447364
0.6845096914609615
1.1040077648130147
1.5338390165112905
0.7507962636932689
1.2013537149959785
0.6578490884895648
0.5982809576427697
1.8975420092484196
0.8828217294143819
0.8439155615385747
1.381272810084364
0.8837101777889426
0.21326361685224962
0.9735123735361191
0.787911751854043
1.1598709743213869
1.4350567635634142
0.5140798362538962
0.45989807185584664
1.2564969199924616
1.0633738324152326
0.9030604501876812
0.6933687303127989
0.8808459257270548
0.685576365759487
0.38668958946225607
0.07537840125065247
0.6057242436848376
0.7297925292628062
0.9773873337446785
0.6200343649206622
0.5646881524703989
0.9777210827006098
0.31509544108373305
0.3123859139665247
1.0261705140675672
1.0897652530857507
1.2782728808798127
0.3136416924328269
0.4174712126891311
0.8812373476327549
1.2105878012787978
1.5352707567161075
3.2912087300317787
0.6298248508886471
1.9181940709352105
0.7057161687557351
1.2452027104704118
0.6400317849475039
0.3301426829561919
0.12264205408174624
1.6336246117424138
0.9229633608085914
0.39438452823143666
1.6448208297390705
0.5695148957681757
0.6296977523521825
0.8152374858802548
0.718369317447212
0.3060323467234266
1.25735160813131
0.6945266948440851
0.6467816529564223
0.8413386038843061
0.676811431304127
1.1129933848880214
1.0739897850180564
0.651185165738785
1.061259886403521
0.6968369700777639
1.1955152993876914
0.3759196054254106
0.3738987955474081
0.5328570183181415
0.3985511472070215
1.3158499181123895
0.7805149456812545
1.0679780073678757
0.9232460218219941
1.1323925872428284
0.8804109831447512
2.4637867669228783
1.1422709602049326
0.18293602133141681
0.4101242090461668
1.5335286904051342
0.6481412080814039
1.1048916780762583
0.5758549239483066
1.2201938323349255
0.9389091083079134
0.10785616672934847
0.39388367232722027
0.4088421515519251
0.16456476688526675
0.8054401116489214
0.3226795971997217
0.7146726174878465
0.412830830635454
0.7848621709283078
1.666022400748806
0.5208420738013896
2.065463975098158
0.6074441007243369
0.2938195042458917
1.3901484206206778
0.611973235518569
0.7978677449291977
0.8591597671579942
0.5169720387136567
1.242879868066747
0.1360038695671139
0.8394082900764475
1.9032269071357066
0.9010021775241148
1.0864125566256033
1.0328754477126136
0.1325525745844698
0.9920840746187538
0.48371396801391076
1.06344981363054
0.9359927258850963
1.4223661186886245
1.086882879745575
0.9582086177866146
1.2264000382433222
1.3382259376679693
0.5633064214321704
0.36121938586439095
0.7731854642956191
0.2662285726958415
1.2489420518268957
1.7559629357109907
0.6240020417689829
0.4456569075726927
1.4132389123248692
1.55762961503652
1.1248564181108536
0.4503054672519328
0.6157786567000839
1.0174204032725003
1.1751139274713331
0.47855990353114297
0.5056245202809824
0.9918895578800424
0.5475891765274478
0.5227810300905759
0.46432378814657
1.457674298327349
0.05289835563791265
0.8573273959544957
1.2865100143014876
1.6460957108844356
1.2646384803490378
0.22554529391128042
0.7143946899710102
1.0702819331957838
1.3530455766311433
0.938877135149598
0.561664756390059
0.6487163906322726
0.5003885590116854
0.37539978067562263
0.3939193042671533
1.5269248259324255
1.3821663611636072
0.6118535247060729
0.05505697490382225
0.10541887103000734
0.8076077739407349
0.31583365415666403
0.632397921835186
0.8754753869021789
1.363959593129278
0.41012643998403514
0.7574111306119897
0.8431898146690422
0.6060879593000345
0.4266045129651967
0.3508172645591899
0.5122246532497623
1.07061128350098
0.8764510109837801
1.5019801179147716
0.8960131610828961
0.19711717645986773
0.6928290928749841
0.8171268734687256
0.2618380708045259
1.0419615640281414
0.7996632430265866
1.5985036787151716
0.44076459021065806
1.3881952387401475
0.316833408485114
0.42554739268046204
0.9739979567017797
0.5822346114228091
0.8709596581075638
0.8628221957701154
0.812738371317618
0.6967755149848378
1.1836499479872866
0.8990666433738479
1.7262204586907353
0.9717072448441161
0.2148083252599744
0.6794691519423003
0.964802579544145
0.9419945534887181
0.1435764984738187
0.23220040765468833
0.5368670616963824
0.13185119690402078
0.9419890542469991
0.33344766617016525
1.590355877664704
1.3377118921942779
0.6765969114959782
0.7071207857358516
0.48468194834734235
1.3779590896390002
1.2076794593749198
0.7860952033552538
0.8856605139604752
1.8408283191193957
0.6798456651727348
1.0249197749839307
0.5566203016113708
0.447401719910641
0.7533744583955104
0.6833673875825672
0.8191136563774691
0.5876637368169029
1.559672834340257
0.33749426388423565
1.2644834366995668
0.7650218909545569
0.545153863172942
0.9997286913853609
1.1358992105718408
0.4589970988308296
0.4998756398414254
1.65266646159452
0.15794314698371523
1.1374288225239786
0.49057292467133684
0.3822130758203688
1.137540249143112
0.5634858386094185
1.2979042613359086
0.7096316872074176
0.5589479443556481
0.6804684212619874
0.5945433290480481
1.5529215589669907
0.21256757275927593
0.5507751107472462
1.1361464630587583
0.6743859984988649
1.4270302753906898
1.0328857906313607
0.4856453744113802
0.7241083538830752
1.265213496630034
1.4275325440886844
0.46220138077465045
0.4732544037025433
1.0659320611552423
0.5200483243212073
0.9529824906829647
0.9122508100311449
0.505741945252626
0.7836538475995384
0.6772204474270519
0.5660312034381924
2.1143484122924674
0.7100188717421463
0.4295396912372317
0.35649471982982683
1.057692736418161
0.4151594309787104
0.29215414198113904
0.5109006107833163
0.8284165454777834
0.9310584033477772
0.6738239225319524
0.49982850935067324
0.37665155551298657
1.0079343818073807
0.5998459911127103
1.66050443636368
0.3443666286781161
0.25121749974908664
1.2173970350870502
1.1829480959179777
1.2286949896720254
1.9895083611862947
0.2763110374110231
0.520761366199393
1.2094332194436417
0.4344382421643615
0.159960360366691
0.9652022634451647
1.190208446469516
1.1826274795414877
1.8876268759709545
0.5097776880560823
0.9150401095651072
0.5444388855732047
0.6137580483698704
1.7756238932780968
0.5821927974399965
0.9307253265827723
0.6354324639201484
1.270661530097093
0.7818701157921213
1.3729194233632798
0.6533520511954319
0.4358153934995793
1.226819922193919
1.440229850600115
0.43001973014176714
0.5347457367398113
0.6004132254112904
0.7838051243018382
0.17105011463727654
0.5142286013052351
0.6696322463105174
1.201452613124385
0.48481828751731687
1.162576005063677
1.2147666583339773
0.16219847329191564
0.5822782835833722
1.092601247445269
0.26746786938008604
1.0286095199273453
0.9891967534414511
0.23332950643473963
0.5873503961477404
0.5124802385537026
0.39551032362815286
1.0672489041463038
1.2467239683689002
0.73280426612672
0.8970605424565644
0.7343262437947413
0.9614626283435516
1.00007941983172
0.31724940852429606
0.6017962498984922
1.0253168230327778
0.7462120399378708
1.3943899236642934
1.0125957840108308
1.0397450028378894
2.106196909997499
0.7457817133270712
0.39083023033062675
1.0720486117002004
0.9351236870903349
0.9781632666999946
0.407374208283319
0.9408644231008482
0.8654127971425948
0.9797653697248457
1.2905608718697683
1.2780425978694683
0.7817113820196746
1.3296521464716649
0.9055516916854428
0.4334624598914188
1.1434545150867543
1.1907673160261998
0.9696208267216798
0.6356615718751999
1.1014436982306601
0.5601675162248289
0.7301385350121714
0.9054707290073225
1.5717803689566672
0.42980942978183845
1.3427808205251133
0.8032798179081652
0.8150225856735003
0.6403164059716517
0.3096492998811361
0.5987681342340968
0.04510472402800135
0.373319558551877
1.1055921666480284
0.31985939432754396
0.8749271874775985
0.016550695457276537
1.5515121676693147
0.6247088146893052
0.20830454775794124
1.5256604996562773
0.9108293789056574
0.3794365023860189
0.6193246148359941
1.0406531558495702
0.6319115836038266
1.1999670623711507
0.5963115086563401
0.6729131937039463
0.8067743582008122
1.027713343534523
0.885271163714999
0.8621706523297575
0.7974745902238246
1.0445391960987038
0.8235987965514047
0.5679963153926656
1.033200204700699
0.7344539851140995
0.058519272583769606
0.23829990049854016
0.7002831529784568
0.4638354263299188
0.8504949488766961
0.584499808907509
1.8359158040317713
1.4285551979082798
0.6742315895589128
0.43337283807034144
0.9826487073965301
1.152736805317078
0.24386054432914725
0.18684277051702927
1.1155660013040036
0.5479200212420371
0.36131530648365917
1.0026047486578786
0.06949890238477056
0.6335518365941282
0.9251966525690873
2.513111104043508
1.0959943934452643
0.08387852486820836
0.23955120378022438
1.1019407010292117
0.2869893690214742
0.0979117143377713
0.4573493663563673
0.8325370837665479
0.4234877633648865
0.5007529469590207
0.970276646295417
0.23237055113076058
0.7326010449831701
0.14293761984018907
0.4787997239453649
0.9834436696537247
0.7584523639789232
0.45883272912707124
0.4380120935852009
0.4749241142850034
0.48861506909184205
0.5342245336727375
0.3407116056944262
0.43004503129018407
0.5559882546663661
0.525820617307933
1.0482092472305338
1.1736110066871799
0.4623725013338517
0.9302191068399036
0.86917003934803
0.48429007870802454
0.6644470236877502
2.085959954486789
1.295302454338855
0.7283989172829491
0.5025015718049413
1.1419811979930663
1.0148213226633478
1.7039356031631816
0.5121947095964114
1.1293485242914976
0.3072085066981507
1.554224875190529
0.7071906403712666
1.1275770172654098
1.279884100292874
1.2949235272254729
1.5222771796879897
0.7107722375255144
0.4222015937607023
1.4437154069740767
0.7246948009988216
0.4127597740120507
0.9834584883744345
1.486762165432735
0.4165573125613022
0.5179939453871181
0.9876554713764115
0.6194795480912247
1.1604551177188633
0.7065339030128102
1.2751785096186505
1.4410220709266306
0.6048578580779317
1.0845135085047448
0.4755064204481564
0.7475433609654866
0.12066177529014295
1.3643286443309526
0.7364132286108681
1.5867000731809133
0.8700744695871495
1.1876734273356797
0.44360082974599147
0.4043236824566859
0.3851001334070529
0.6412382950556595
0.7170633937794945
1.6062323576134554
1.384031530299958
0.10560466612704186
0.8595691793026685
0.8476524476561631
0.24092401624389997
1.1870880039672624
0.5352271628594761
0.8840498293555156
0.8223014938523773
1.5428883547972017
0.39600428340266386
1.647893786757867
1.4697772456678464
0.4506908794254809
1.1607671758430156
0.35879643834813824
0.1063247503171264
0.40965966466783366
0.7805429288683051
0.07009466231320394
1.2996224782683896
0.743344336308506
1.2335507094493057
0.6953076703482528
0.24127759934451587
1.3900430387093492
0.5330268408362702
2.1944580729724374
2.3031107367805115
1.0749919693388725
1.0844516343826323
1.595978036824903
0.8015015338108116
0.5681130476160466
1.0920363072116357
0.8385022166256706
0.8757549271743121
0.5462557626965323
0.06278224200864864
1.0522366644053307
1.2379728228246407
1.324396725114202
1.1145732983305277
0.9092466447812504
0.6155659873587481
0.24482938167092524
0.7969569266749722
0.35794321894841474
2.0157085346452597
0.652007450836973
1.570519529634247
1.219949755201443
0.7532321988890227
1.5518627283280853
1.6008644265763525
0.4575023801782112
0.6766018206175296
0.7844988924141634
0.5153701366677804
1.930358493460916
0.5851545814493353
0.5663132191268199
0.5445749996180408
0.47667571921224594
1.1350382415542053
1.0578675600221383
1.5822537966494428
0.5365084321417606
1.1822052475113172
0.9133864245535659
0.4828868243934059
0.7000885955793295
0.5887439982841787
1.257608182486956
0.09273400164124976
0.5491953355647351
0.9038272153197676
0.9095429061540938
0.7831942695076164
0.8497502904446532
1.2335981577370383
0.5140609249446264
0.6774971157647005
1.5065033265118906
1.5828313534664413
0.5282267161006622
0.5528846441673597
1.0800808847188608
0.1659054138866797
0.569664711189921
0.7215215142142851
0.3086755871552219
0.9773105422438726
0.8704657779545091
0.4601464387628456
0.6487952416326898
1.066995899589049
0.21703776349217796
0.9136491356411522
0.11133669490748484
0.5081281242156507
0.5927185808186092
0.6112645759092792
0.44330132942649964
0.8910111112020067
0.18042408994296652
0.7684517200718505
1.096550097484444
1.7943853466056208
1.4953786419010282
0.9782367229028257
0.037005038796580736
0.41916485958346866
1.0668718332841294
0.508349733270965
1.0707562370297539
1.0742879180297125
0.30051092602868873
1.597406971597418
0.12186898892260051
1.1253181953870226
2.504329833262028
0.8871369968343206
0.9049526278847565
1.1333072290411321
1.914339252445154
0.7049701886546019
0.49102704533286357
0.9525059250836483
1.3103397896530842
1.5427679748572076
0.2816325361944671
0.32261506543697155
0.7846185628593497
0.6211936164136834
0.19359137327233858
0.1362030411992654
0.20314818779253052
0.5495518492410101
1.0967427549617974
0.7728861999463864
0.18742413760865653
0.7309195167424931
1.3994925662290434
0.37735117674434665
0.48416699373824573
0.4560934086088083
0.7903281849078239
2.0851016117019823
1.696898211214144
0.6575912400410172
0.086058326683512
1.1064608172756107
2.0314935127544542
1.4479772736898173
0.1468260808702453
1.6460959433370272
0.5540298622255135
0.9744049160808547
0.550908738917172
0.392453876886901
0.3633312652982404
0.6065299126198761
1.20876861955465
0.28596999978689747
0.5082168392038657
0.9862580705586855
0.8229261686843643
1.0299288469348318
1.2889310817292776
0.6643906470191574
0.8219726770689879
0.47360126858053403
1.3766608270805274
0.5333466012102115
0.10483389523839773
0.8403071975604663
0.6164313479954399
1.8278962685958222
1.4993048099822321
0.9588564324315948
0.6561313606417669
0.4240258870507966
1.8904865445139676
0.934811994700409
0.5739931277284477
1.0220928052429326
1.470424302790635
0.5595935281630541
0.9264666626552414
0.753361556459694
0.3144649520561236
0.23208594881419303
0.06399820688824046
0.9707436729983554
0.6440609351684378
0.7948230152296061
1.8464830605660774
1.701927109884171
0.3142387077550623
0.8297301318326928
1.3281796561135126
0.5373363067536998
0.46095217727204896
1.1478490398896866
0.711262527857628
0.9733624224075182
0.34215680617994976
0.6306123085722986
0.7812338585776872
0.5400846958647001
0.7501590458651508
0.9245447148796663
0.25885126444276124
1.2142541520757952
1.4684548518751142
1.451328802967527
1.1633406985495003
1.275695427121909
0.9434753763858702
0.4698011804333455
0.6181074797376953
1.119024647046991
0.49834529104692504
0.8322485496171528
1.2708908333546014
0.508404925840485
1.267797641903244
0.4451612403401506
0.5325434182024937
1.4781494315218064
1.9068611983817747
0.06847402189867573
0.5496257793302145
1.497578051575135
1.201172480837485
0.8835765137752147
0.8329114571172815
1.0928387251672402
1.2588976248614003
0.9177203140114805
0.5672957973226188
0.9305061618640019
0.8625690775015078
0.5411655313175586
1.715782089244351
0.22327943773965245
0.4898144209296431
1.1524846029717093
0.8284902726176235
1.093031957275932
0.8402525003523688
1.213360703766327
1.3991424921439377
0.7131295554054257
0.9108091328980524
0.9013979943397378
1.2961115109710286
1.0140216434472165
0.902303702809041
0.05677721351115242
0.3149700432286719
1.2593666049505599
0.7547933956028695
0.16936374413710223
0.3419659264605152
0.5425437347235753
0.6728284639565006
1.8463814627465536
1.322988592455316
0.7378364530999488
0.943467936265205
0.9545675410467126
1.3419657103400868
0.7033741471184428
0.6697783340603702
0.5066022631829601
0.9138805236850766
1.2029048986278215
0.8032626831870121
1.0660976389453403
0.6162468258238095
0.8040006754720228
0.9941118777956952
1.1995833369567275
0.7585678417661559
0.7014872622626834
1.342727010118535
1.639118066420562
1.77986240603692
0.39938273581126943
0.2817338592994327
0.8710522551776096
0.5779741988103758
1.7138379217606423
0.706644219452243
0.16605621171665536
2.005756109402906
1.7730363689484574
1.3105720132928833
0.6279763800978797
0.7043484030959919
0.8558933040753999
1.1016030600705085
0.4469700975022649
0.42944796006056773
1.1549046129286535
0.6001812746991122
2.442529292914241
0.343112585846602
0.19326894145498447
0.41952392147107087
0.4101526533614018
1.3476788385297875
0.375179553873498
0.6103950954944853
0.3397126079098133
0.7836066363936769
1.3905740015711299
0.6767460903634004
1.7818197786388796
0.9967347667666419
0.42833923790422196
0.9013192420212957
1.6336003207183485
0.485933313221319
0.3942487455663845
0.3656092180874499
1.5466998315687202
1.4157211147669748
1.2862942571908658
0.9154198927238757
2.015583471471622
0.33169824828109096
0.7261816125315599
0.7206698948420721
0.30260333556663266
0.46776884066826113
2.5622238412556375
1.1420942561559417
0.31806472487606335
0.6424911783503985
0.9897519652316448
1.387298793908599
0.9969973433313968
0.10915878192680327
1.0869451449432932
0.5283322889835379
0.8139037255586002
1.5857579913212623
1.6645702014495969
1.0398258237681033
1.4469038945517567
1.0197992250709755
0.941550788647198
0.8419854533491198
0.614159481416817
0.8037230267386349
1.727459049705908
1.2923512813115088
0.6883252615971949
0.46680796311758993
1.1008903712930884
1.6045523309750582
0.42255900378234557
0.40004088692702516
1.0543234555845373
1.7773894011753368
0.6545938670810216
0.7392950700621904
0.31660034098880835
0.364044753480049
0.4120443250216756
0.7203354181203129
0.8974837393146011
1.1436246343705703
0.2239766289020898
1.83927763016938
1.6499806918374211
1.0298901956868673
0.9956460632261961
1.0242139666230814
0.9288113139505689
1.1388141193431012
0.6862769911611397
0.6134935204919786
0.6386842969518152
1.131498442470825
0.4542525873904036
1.0436675567251257
0.39387402334551114
0.4817433194360819
1.5813392513733309
1.7733733009688213
0.8549603619447608
0.5079482059349929
0.5515886249053357
0.8297034629960168
0.5795231745088929
1.1967468535150318
1.3213605140449112
0.7927810672099111
0.7168956282541782
0.09470620307629533
1.0067527820706452
1.4156134041551702
1.8757479532538996
1.0212323428435168
1.7476443756366737
1.4701622580652371
0.3018678033785897
0.8005620283277085
1.1573030956048984
0.7555549218210534
0.04406526368905618
0.8362439759273559
0.6771301529663923
0.8224769192861843
1.5447051530126454
0.3706320013976514
0.7149226155032349
0.5941868569249815
0.9811353924795986
1.4011493252395848
1.499813386337376
1.3874035366092585
0.6506561335161808
0.37177206734672646
0.770045389138921
0.9416811562774028
1.1348691783421028
0.4442553543726961
0.9561996605286069
0.758872310285406
1.0943499775453218
0.8320000494448536
1.9702397676346712
0.189508185394594
0.5983692658777836
0.9430139931233502
1.28734348227973
0.8878729689457804
0.2610937593686586
0.5457969448207032
0.6397478803412602
0.7801404339853614
1.341849565902018
1.1505978374005663
1.3112880516785308
0.7935763558818847
1.588454028051349
1.2078350605936627
0.7905797075788219
1.4688432433990035
0.6343434437298202
0.5169403423867542
1.6970807820899128
0.7572866993647881
1.2022838012569332
0.541855902289777
0.4676969780020209
1.4065260994327957
0.6735029365660693
0.16494815338363872
0.5472247595623161
1.1902822130609714
1.693210936504708
0.5518677334156692
0.5492626741066539
1.2211684613190874
1.356687636818404
0.8245761700498606
0.9581215740468468
0.5969812646904568
1.013938174427437
0.35714881888355277
0.7445667984478473
0.7297689716415753
0.32875518637679635
0.5659008465489975
1.195724212987214
1.4119286446396655
0.9916743002287371
1.0317279531077561
0.919541503451531
0.4531128568902739
1.7791622616262353
0.591632083015687
0.8374758044042498
0.951526939646522
0.5949082805550924
0.3158595779225165
0.7248998077444737
1.7144436646990424
1.7978302398943866
0.19333966756799328
1.0950668910472992
0.4892955007781122
1.7369634870985422
0.9139251641469731
0.7289402021936804
0.6575845170822744
0.9819567047680621
0.27542362599065995
0.6132332075365282
1.1528967837414976
0.5256247303141541
1.3309048426518006
1.1343344587091766
0.43143204912993693
0.877792150240725
1.1919689992576663
1.2565982222187861
0.7058270671772907
1.1167878170111285
0.9705167992351489
0.9348308503759698
0.8403249147285576
0.6542443709780479
0.5165269182656317
0.2695152397927446
1.2174155903559072
0.39589703662818937
0.9250230616593054
0.3453849131656167
1.1913991460104638
0.4922959556261008
0.401910840039703
1.03444496633629
0.26163849480190854
0.2077052673437311
0.5498802663126862
0.896625983753428
1.2102453282645655
1.3606969211612026
0.4861263716623182
0.6972990815039264
0.8108769671924149
0.7269574763256529
1.1654718128231487
0.6930390306318625
0.80532065765705
0.3068010990530113
1.574639983222237
1.0621777902550789
0.7326200903879765
0.61986802347775
0.7763840443282151
1.231628142373878
0.5318066779562167
0.5933678404721919
0.6717545239205716
0.2695266382746139
0.586638230546416
0.9803643755571387
1.158968934562888
1.3988792146128999
0.21454405173453725
0.604313611146116
0.2085363681939787
0.37733959511878384
0.9846665873492101
0.37304174804549783
1.3438989085486008
0.7245326785820402
0.7997991016477244
0.7109889238318701
0.6068652518553864
0.24789105421173227
0.6239174273715465
1.5873586294598836
0.26186716021352774
1.3838591904550583
0.9264063669437664
0.19439372756987516
0.5581270275081821
0.7768484860572786
1.020860732349988
0.6540321672952928
1.1634885853460921
0.4756569514069512
1.5237715374020944
0.8723350623034785
1.2710760009662594
0.9687761595809709
0.84210144020591
0.7929131264521081
0.34721338271071595
0.8932525086188936
1.6652586739744608
0.9776590544363756
0.6285393722482995
0.678746085523273
1.3530552700969054
0.21764070039942948
1.0222736182562981
0.25173024158044055
0.5633633835327011
0.4796048091108185
0.6805406690009328
2.454123519669738
0.4241294445262837
0.8145233359303204
0.5414130515433911
1.1625360920171306
0.2172598962966028
0.29769048146208626
0.32562419584859503
0.48240698374692614
0.794191575552262
1.1382803926782534
0.32620130182590257
2.190867605017563
0.78277126314625
0.4338314933189919
0.8780947540023024
1.3004401420337992
0.7822263198561288
0.9945255950498104
0.2140852238658458
0.9098545793501356
1.1943070963868223
1.0070842322748512
0.6574066982345764
0.4640612784849641
1.1700707054407011
0.9265294405024701
1.1657269275710662
0.5099284594225971
1.1338061557781731
0.4805082978262008
1.4049174304790137
0.42661161193773756
0.5961953564018418
0.23195526718049997
0.6196094947844455
0.7743181221990474
1.0537930829112956
0.7519530151050646
0.2597243431921344
0.46888232258912255
0.9871448982339327
1.6228932285271938
0.6589396208040647
0.2348804085702023
0.596173566131757
0.8831632862180128
0.4457668451641983
1.463150801809615
0.6766160994349851
1.5671846383532975
1.370297590005092
0.7579786354924434
0.6561274386534321
0.5419422503013616
0.3231510678048398
0.5021978999702411
0.9958183381929041
0.8233743084336718
1.3296019355269613
0.2866489842944916
1.1129146034044162
0.9395109817490851
0.6876052340406784
1.6168844277479042
0.7513299631122831
0.3735170883816974
1.2164987746985514
0.18122937702971378
0.34748276021158014
1.0782438884489023
0.7847022318709221
0.4815585690564357
0.9459039365650768
0.6342070107597552
0.8041872328113069
0.9246290300106279
0.5862905467131133
0.5967285504078206
0.6094829546666534
0.5846479329004954
0.41251631027297764
0.7564166738748932
0.8541205643728483
0.86850416510245
0.3487298874601187
0.7042793314912908
1.438239784824388
0.7401029814416087
0.2560920885272602
0.19634240658229712
0.14253982117196592
1.4785756457678987
1.1745884567661282
0.7767015539008681
1.629135938871709
1.1743364253638178
0.43830930487644854
1.016838628109093
0.5035558766984485
1.5488907108442842
0.2527280028606607
1.3187063485080324
1.721002168755731
1.2823076152965085
0.8166396796933262
0.14002046714821223
0.6725218441026091
0.2952916333996115
0.4036488569454029
0.6683792078386995
1.9331902847945002
0.8199993244082755
0.5796101306199228
0.6335444082780247
0.4360855409137981
0.5945284499253558
0.9859090576416198
0.8830678461653401
1.717345732659265
1.5064617543588585
0.9174138178756794
0.9492308044659747
1.128599165699468
1.4138399629464573
0.7981862523744176
0.5124468530522708
0.512773059199103
1.3814736046339624
1.604355705331485
1.1976050901051898
0.5115583127616917
0.4239878093569047
0.7083936986107187
0.8981928247761236
1.8862863980630893
0.6997438633210488
0.4605558171341891
1.4433627191173428
0.7913816820467235
0.7302795401586927
0.5906977492238966
0.4506301792019834
0.42464181717473937
1.3891379342904155
1.241368308900759
0.5837605028046053
0.6017740828496232
1.0621609473871236
1.950270300877049
0.9522582826791521
1.1776216811246754
0.9748311643221631
0.9486779458036089
1.886573256684443
0.8108752492945361
0.5021856479133758
0.44686814853473905
0.7284329936334518
1.4293817559608577
0.5716523235756221
1.0336070842106237
1.4739903493871134
1.0795324432735889
1.0130143059620866
1.1915587808666708
0.5764779352583406
0.8609396391701902
0.9731799457735287
0.4545125133218972
0.8241198723570633
1.5912248596969027
0.7282096979010586
0.7654114112803145
1.096915932553566
1.5557604449392113
0.3977355245119037
1.1860194814707865
0.9184397650194923
0.04975726760591877
0.32770294497447716
0.7712040530528187
0.6133587281491952
1.117953617489891
0.480963978789294
