1.190208446469516
1.1826274795414877
1.8876268759709545
0.5097776880560823
0.9150401095651072
0.5444388855732047
0.6137580483698704
1.7756238932780968
0.5821927974399965
0.9307253265827723
0.6354324639201484
1.270661530097093
0.7818701157921213
1.3729194233632798
0.6533520511954319
0.4358153934995793
1.226819922193919
1.440229850600115
0.43001973014176714
0.5347457367398113
0.6004132254112904
0.7838051243018382
0.17105011463727654
0.5142286013052351
0.6696322463105174
1.201452613124385
0.48481828751731687
1.162576005063677
1.2147666583339773
0.16219847329191564
0.5822782835833722
1.092601247445269
0.26746786938008604
1.0286095199273453
0.9891967534414511
0.23332950643473963
0.5873503961477404
0.5124802385537026
0.39551032362815286
1.0672489041463038
1.2467239683689002
0.73280426612672
0.8970605424565644
0.7343262437947413
0.9614626283435516
1.00007941983172
0.31724940852429606
0.6017962498984922
1.0253168230327778
0.7462120399378708
1.3943899236642934
1.0125957840108308
1.0397450028378894
2.106196909997499
0.7457817133270712
0.39083023033062675
1.0720486117002004
0.9351236870903349
0.9781632666999946
0.407374208283319
0.9408644231008482
0.8654127971425948
0.9797653697248457
1.2905608718697683
1.2780425978694683
0.7817113820196746
1.3296521464716649
0.9055516916854428
0.4334624598914188
1.1434545150867543
1.1907673160261998
0.9696208267216798
0.6356615718751999
1.1014436982306601
0.5601675162248289
0.7301385350121714
0.9054707290073225
1.5717803689566672
0.42980942978183845
1.3427808205251133
0.8032798179081652
0.8150225856735003
0.6403164059716517
0.3096492998811361
0.5987681342340968
0.04510472402800135
0.373319558551877
1.1055921666480284
0.31985939432754396
0.8749271874775985
0.016550695457276537
1.5515121676693147
0.6247088146893052
0.20830454775794124
1.5256604996562773
0.9108293789056574
0.3794365023860189
0.6193246148359941
1.0406531558495702
0.6319115836038266
1.1999670623711507
0.5963115086563401
0.6729131937039463
0.8067743582008122
1.027713343534523
0.885271163714999
0.8621706523297575
0.7974745902238246
1.0445391960987038
0.8235987965514047
0.5679963153926656
1.033200204700699
0.7344539851140995
0.058519272583769606
0.23829990049854016
0.7002831529784568
0.4638354263299188
0.8504949488766961
0.584499808907509
1.8359158040317713
1.4285551979082798
0.6742315895589128
0.43337283807034144
0.9826487073965301
1.152736805317078
0.24386054432914725
0.18684277051702927
1.1155660013040036
0.5479200212420371
0.36131530648365917
1.0026047486578786
0.06949890238477056
0.6335518365941282
0.9251966525690873
2.513111104043508
1.0959943934452643
0.08387852486820836
0.23955120378022438
1.1019407010292117
0.2869893690214742
0.0979117143377713
0.4573493663563673
0.8325370837665479
0.4234877633648865
0.5007529469590207
0.970276646295417
0.23237055113076058
0.7326010449831701
0.14293761984018907
0.4787997239453649
0.9834436696537247
0.7584523639789232
0.45883272912707124
0.4380120935852009
0.4749241142850034
0.48861506909184205
0.5342245336727375
0.3407116056944262
0.43004503129018407
0.5559882546663661
0.525820617307933
1.0482092472305338
1.1736110066871799
0.4623725013338517
0.9302191068399036
0.86917003934803
0.48429007870802454
0.6644470236877502
2.085959954486789
1.295302454338855
0.7283989172829491
0.5025015718049413
1.1419811979930663
1.0148213226633478
1.7039356031631816
0.5121947095964114
1.1293485242914976
0.3072085066981507
1.554224875190529
0.7071906403712666
1.1275770172654098
1.279884100292874
1.2949235272254729
1.5222771796879897
0.7107722375255144
0.4222015937607023
1.4437154069740767
0.7246948009988216
0.4127597740120507
0.9834584883744345
1.486762165432735
0.4165573125613022
0.5179939453871181
0.9876554713764115
0.6194795480912247
1.1604551177188633
0.7065339030128102
1.2751785096186505
1.4410220709266306
0.6048578580779317
1.0845135085047448
0.4755064204481564
0.7475433609654866
0.12066177529014295
1.3643286443309526
0.7364132286108681
1.5867000731809133
0.8700744695871495
1.1876734273356797
0.44360082974599147
0.4043236824566859
0.3851001334070529
0.6412382950556595
0.7170633937794945
1.6062323576134554
1.384031530299958
0.10560466612704186
0.8595691793026685
0.8476524476561631
0.24092401624389997
1.1870880039672624
0.5352271628594761
0.8840498293555156
0.8223014938523773
1.5428883547972017
0.39600428340266386
1.647893786757867
1.4697772456678464
0.4506908794254809
1.1607671758430156
0.35879643834813824
0.1063247503171264
0.40965966466783366
0.7805429288683051
0.07009466231320394
1.2996224782683896
0.743344336308506
1.2335507094493057
0.6953076703482528
0.24127759934451587
1.3900430387093492
0.5330268408362702
2.1944580729724374
2.3031107367805115
1.0749919693388725
1.0844516343826323
1.595978036824903
0.8015015338108116
0.5681130476160466
1.0920363072116357
0.8385022166256706
0.8757549271743121
0.5462557626965323
0.06278224200864864
1.0522366644053307
1.2379728228246407
1.324396725114202
1.1145732983305277
0.9092466447812504
0.6155659873587481
0.24482938167092524
0.7969569266749722
0.35794321894841474
2.0157085346452597
0.652007450836973
1.570519529634247
1.219949755201443
0.7532321988890227
1.5518627283280853
1.6008644265763525
0.4575023801782112
0.6766018206175296
0.7844988924141634
0.5153701366677804
1.930358493460916
0.5851545814493353
0.5663132191268199
0.5445749996180408
0.47667571921224594
1.1350382415542053
1.0578675600221383
1.5822537966494428
0.5365084321417606
1.1822052475113172
0.9133864245535659
0.4828868243934059
0.7000885955793295
0.5887439982841787
1.257608182486956
0.09273400164124976
0.5491953355647351
0.9038272153197676
0.9095429061540938
0.7831942695076164
0.8497502904446532
1.2335981577370383
0.5140609249446264
0.6774971157647005
1.5065033265118906
1.5828313534664413
0.5282267161006622
0.5528846441673597
1.0800808847188608
0.1659054138866797
0.569664711189921
0.7215215142142851
0.3086755871552219
0.9773105422438726
0.8704657779545091
0.4601464387628456
0.6487952416326898
1.066995899589049
0.21703776349217796
0.9136491356411522
0.11133669490748484
0.5081281242156507
0.5927185808186092
0.6112645759092792
0.44330132942649964
0.8910111112020067
0.18042408994296652
0.7684517200718505
1.096550097484444
1.7943853466056208
1.4953786419010282
0.9782367229028257
0.037005038796580736
0.41916485958346866
1.0668718332841294
0.508349733270965
1.0707562370297539
1.0742879180297125
0.30051092602868873
1.597406971597418
0.12186898892260051
1.1253181953870226
2.504329833262028
0.8871369968343206
0.9049526278847565
1.1333072290411321
1.914339252445154
0.7049701886546019
0.49102704533286357
0.9525059250836483
1.3103397896530842
1.5427679748572076
0.2816325361944671
0.32261506543697155
0.7846185628593497
0.6211936164136834
0.19359137327233858
0.1362030411992654
0.20314818779253052
0.5495518492410101
1.0967427549617974
0.7728861999463864
0.18742413760865653
0.7309195167424931
1.3994925662290434
0.37735117674434665
0.48416699373824573
0.4560934086088083
0.7903281849078239
2.0851016117019823
1.696898211214144
0.6575912400410172
0.086058326683512
1.1064608172756107
2.0314935127544542
1.4479772736898173
0.1468260808702453
1.6460959433370272
0.5540298622255135
0.9744049160808547
0.550908738917172
0.392453876886901
0.3633312652982404
0.6065299126198761
1.20876861955465
0.28596999978689747
0.5082168392038657
0.9862580705586855
0.8229261686843643
1.0299288469348318
1.2889310817292776
0.6643906470191574
0.8219726770689879
0.47360126858053403
1.3766608270805274
0.5333466012102115
0.10483389523839773
0.8403071975604663
0.6164313479954399
1.8278962685958222
1.4993048099822321
0.9588564324315948
0.6561313606417669
0.4240258870507966
1.8904865445139676
0.934811994700409
0.5739931277284477
1.0220928052429326
1.470424302790635
0.5595935281630541
0.9264666626552414
0.753361556459694
0.3144649520561236
0.23208594881419303
0.06399820688824046
0.9707436729983554
0.6440609351684378
0.7948230152296061
1.8464830605660774
1.701927109884171
0.3142387077550623
0.8297301318326928
1.3281796561135126
0.5373363067536998
0.46095217727204896
1.1478490398896866
0.711262527857628
0.9733624224075182
0.34215680617994976
0.6306123085722986
0.7812338585776872
0.5400846958647001
0.7501590458651508
0.9245447148796663
0.25885126444276124
1.2142541520757952
1.4684548518751142
1.451328802967527
1.1633406985495003
1.275695427121909
0.9434753763858702
0.4698011804333455
0.6181074797376953
1.119024647046991
0.49834529104692504
0.8322485496171528
1.2708908333546014
0.508404925840485
1.267797641903244
0.4451612403401506
0.5325434182024937
1.4781494315218064
1.9068611983817747
0.06847402189867573
0.5496257793302145
1.497578051575135
1.201172480837485
0.8835765137752147
0.8329114571172815
1.0928387251672402
1.2588976248614003
0.9177203140114805
0.5672957973226188
0.9305061618640019
0.8625690775015078
0.5411655313175586
1.715782089244351
0.22327943773965245
0.4898144209296431
1.1524846029717093
0.8284902726176235
1.093031957275932
0.8402525003523688
1.213360703766327
1.3991424921439377
0.7131295554054257
0.9108091328980524
0.9013979943397378
1.2961115109710286
1.0140216434472165
0.902303702809041
0.05677721351115242
0.3149700432286719
1.2593666049505599
0.7547933956028695
0.16936374413710223
0.3419659264605152
0.5425437347235753
0.6728284639565006
1.8463814627465536
1.322988592455316
0.7378364530999488
0.943467936265205
0.9545675410467126
1.3419657103400868
0.7033741471184428
0.6697783340603702
0.5066022631829601
0.9138805236850766
1.2029048986278215
0.8032626831870121
1.0660976389453403
0.6162468258238095
0.8040006754720228
0.9941118777956952
1.1995833369567275
0.7585678417661559
0.7014872622626834
1.342727010118535
1.639118066420562
1.77986240603692
0.39938273581126943
0.2817338592994327
0.8710522551776096
0.5779741988103758
1.7138379217606423
0.706644219452243
0.16605621171665536
2.005756109402906
1.7730363689484574
1.3105720132928833
0.6279763800978797
0.7043484030959919
0.8558933040753999
1.1016030600705085
0.4469700975022649
0.42944796006056773
1.1549046129286535
0.6001812746991122
2.442529292914241
0.343112585846602
0.19326894145498447
0.41952392147107087
0.4101526533614018
1.3476788385297875
0.375179553873498
0.6103950954944853
0.3397126079098133
0.7836066363936769
1.3905740015711299
0.6767460903634004
1.7818197786388796
0.9967347667666419
0.42833923790422196
0.9013192420212957
1.6336003207183485
0.485933313221319
0.3942487455663845
0.3656092180874499
1.5466998315687202
1.4157211147669748
1.2862942571908658
0.9154198927238757
2.015583471471622
0.33169824828109096
0.7261816125315599
0.7206698948420721
0.30260333556663266
0.46776884066826113
2.5622238412556375
1.1420942561559417
0.31806472487606335
0.6424911783503985
0.9897519652316448
1.387298793908599
0.9969973433313968
0.10915878192680327
1.0869451449432932
0.5283322889835379
0.8139037255586002
1.5857579913212623
1.6645702014495969
1.0398258237681033
1.4469038945517567
1.0197992250709755
0.941550788647198
0.8419854533491198
0.614159481416817
0.8037230267386349
1.727459049705908
1.2923512813115088
0.6883252615971949
0.46680796311758993
1.1008903712930884
1.6045523309750582
0.42255900378234557
0.40004088692702516
1.0543234555845373
1.7773894011753368
0.6545938670810216
0.7392950700621904
0.31660034098880835
0.364044753480049
0.4120443250216756
0.7203354181203129
0.8974837393146011
1.1436246343705703
0.2239766289020898
1.83927763016938
1.6499806918374211
1.0298901956868673
0.9956460632261961
1.0242139666230814
0.9288113139505689
1.1388141193431012
0.6862769911611397
0.6134935204919786
0.6386842969518152
1.131498442470825
0.4542525873904036
1.0436675567251257
0.39387402334551114
0.4817433194360819
1.5813392513733309
1.7733733009688213
0.8549603619447608
0.5079482059349929
0.5515886249053357
0.8297034629960168
0.5795231745088929
1.1967468535150318
1.3213605140449112
0.7927810672099111
0.7168956282541782
0.09470620307629533
1.0067527820706452
1.4156134041551702
1.8757479532538996
1.0212323428435168
1.7476443756366737
1.4701622580652371
0.3018678033785897
0.8005620283277085
1.1573030956048984
0.7555549218210534
0.04406526368905618
0.8362439759273559
0.6771301529663923
0.8224769192861843
1.5447051530126454
0.3706320013976514
0.7149226155032349
0.5941868569249815
0.9811353924795986
1.4011493252395848
1.499813386337376
1.3874035366092585
0.6506561335161808
0.37177206734672646
0.770045389138921
0.9416811562774028
1.1348691783421028
0.4442553543726961
0.9561996605286069
0.758872310285406
1.0943499775453218
0.8320000494448536
1.9702397676346712
0.189508185394594
0.5983692658777836
0.9430139931233502
1.28734348227973
0.8878729689457804
0.2610937593686586
0.5457969448207032
0.6397478803412602
0.7801404339853614
1.341849565902018
1.1505978374005663
1.3112880516785308
0.7935763558818847
1.588454028051349
1.2078350605936627
0.7905797075788219
1.4688432433990035
0.6343434437298202
0.5169403423867542
1.6970807820899128
0.7572866993647881
1.2022838012569332
0.541855902289777
0.4676969780020209
1.4065260994327957
0.6735029365660693
0.16494815338363872
0.5472247595623161
1.1902822130609714
1.693210936504708
0.5518677334156692
0.5492626741066539
1.2211684613190874
1.356687636818404
0.8245761700498606
0.9581215740468468
0.5969812646904568
1.013938174427437
0.35714881888355277
0.7445667984478473
0.7297689716415753
0.32875518637679635
0.5659008465489975
1.195724212987214
1.4119286446396655
0.9916743002287371
1.0317279531077561
0.919541503451531
0.4531128568902739
1.7791622616262353
0.591632083015687
0.8374758044042498
0.951526939646522
0.5949082805550924
0.3158595779225165
0.7248998077444737
1.7144436646990424
1.7978302398943866
0.19333966756799328
1.0950668910472992
0.4892955007781122
1.7369634870985422
0.9139251641469731
0.7289402021936804
0.6575845170822744
0.9819567047680621
0.27542362599065995
0.6132332075365282
1.1528967837414976
0.5256247303141541
1.3309048426518006
1.1343344587091766
0.43143204912993693
0.877792150240725
1.1919689992576663
1.2565982222187861
0.7058270671772907
1.1167878170111285
0.9705167992351489
0.9348308503759698
0.8403249147285576
0.6542443709780479
0.5165269182656317
0.2695152397927446
1.2174155903559072
0.39589703662818937
0.9250230616593054
0.3453849131656167
1.1913991460104638
0.4922959556261008
0.401910840039703
1.03444496633629
0.26163849480190854
0.2077052673437311
0.5498802663126862
0.896625983753428
1.2102453282645655
1.3606969211612026
0.4861263716623182
0.6972990815039264
0.8108769671924149
0.7269574763256529
1.1654718128231487
0.6930390306318625
0.80532065765705
0.3068010990530113
1.574639983222237
1.0621777902550789
0.7326200903879765
0.61986802347775
0.7763840443282151
1.231628142373878
0.5318066779562167
0.5933678404721919
0.6717545239205716
0.2695266382746139
0.586638230546416
0.9803643755571387
1.158968934562888
1.3988792146128999
0.21454405173453725
0.604313611146116
0.2085363681939787
0.37733959511878384
0.9846665873492101
0.37304174804549783
1.3438989085486008
0.7245326785820402
0.7997991016477244
0.7109889238318701
0.6068652518553864
0.24789105421173227
0.6239174273715465
1.5873586294598836
0.26186716021352774
1.3838591904550583
0.9264063669437664
0.19439372756987516
0.5581270275081821
0.7768484860572786
1.020860732349988
0.6540321672952928
1.1634885853460921
0.4756569514069512
1.5237715374020944
0.8723350623034785
1.2710760009662594
0.9687761595809709
0.84210144020591
0.7929131264521081
0.34721338271071595
0.8932525086188936
1.6652586739744608
0.9776590544363756
0.6285393722482995
0.678746085523273
1.3530552700969054
0.21764070039942948
1.0222736182562981
0.25173024158044055
0.5633633835327011
0.4796048091108185
0.6805406690009328
2.454123519669738
0.4241294445262837
0.8145233359303204
0.5414130515433911
1.1625360920171306
0.2172598962966028
0.29769048146208626
0.32562419584859503
0.48240698374692614
0.794191575552262
1.1382803926782534
0.32620130182590257
2.190867605017563
0.78277126314625
0.4338314933189919
0.8780947540023024
1.3004401420337992
0.7822263198561288
0.9945255950498104
0.2140852238658458
0.9098545793501356
1.1943070963868223
1.0070842322748512
0.6574066982345764
0.4640612784849641
1.1700707054407011
0.9265294405024701
1.1657269275710662
0.5099284594225971
1.1338061557781731
0.4805082978262008
1.4049174304790137
0.42661161193773756
0.5961953564018418
0.23195526718049997
0.6196094947844455
0.7743181221990474
1.0537930829112956
0.7519530151050646
0.2597243431921344
0.46888232258912255
0.9871448982339327
1.6228932285271938
0.6589396208040647
0.2348804085702023
0.596173566131757
0.8831632862180128
0.4457668451641983
1.463150801809615
0.6766160994349851
1.5671846383532975
1.370297590005092
0.7579786354924434
0.6561274386534321
0.5419422503013616
0.3231510678048398
0.5021978999702411
0.9958183381929041
0.8233743084336718
1.3296019355269613
0.2866489842944916
1.1129146034044162
0.9395109817490851
0.6876052340406784
1.6168844277479042
0.7513299631122831
0.3735170883816974
1.2164987746985514
0.18122937702971378
0.34748276021158014
1.0782438884489023
0.7847022318709221
0.4815585690564357
0.9459039365650768
0.6342070107597552
0.8041872328113069
0.9246290300106279
0.5862905467131133
0.5967285504078206
0.6094829546666534
0.5846479329004954
0.41251631027297764
0.7564166738748932
0.8541205643728483
0.86850416510245
0.3487298874601187
0.7042793314912908
1.438239784824388
0.7401029814416087
0.2560920885272602
0.19634240658229712
0.14253982117196592
1.4785756457678987
1.1745884567661282
0.7767015539008681
1.629135938871709
1.1743364253638178
0.43830930487644854
1.016838628109093
0.5035558766984485
1.5488907108442842
0.2527280028606607
1.3187063485080324
1.721002168755731
1.2823076152965085
0.8166396796933262
0.14002046714821223
0.6725218441026091
0.2952916333996115
0.4036488569454029
0.6683792078386995
1.9331902847945002
0.8199993244082755
0.5796101306199228
0.6335444082780247
0.4360855409137981
0.5945284499253558
0.9859090576416198
0.8830678461653401
1.717345732659265
1.5064617543588585
0.9174138178756794
0.9492308044659747
1.128599165699468
1.4138399629464573
0.7981862523744176
0.5124468530522708
0.512773059199103
1.3814736046339624
1.604355705331485
1.1976050901051898
0.5115583127616917
0.4239878093569047
0.7083936986107187
0.8981928247761236
1.8862863980630893
0.6997438633210488
0.4605558171341891
1.4433627191173428
0.7913816820467235
0.7302795401586927
0.5906977492238966
0.4506301792019834
0.42464181717473937
1.3891379342904155
1.241368308900759
0.5837605028046053
0.6017740828496232
1.0621609473871236
1.950270300877049
0.9522582826791521
1.1776216811246754
0.9748311643221631
0.9486779458036089
1.886573256684443
0.8108752492945361
0.5021856479133758
0.44686814853473905
0.7284329936334518
1.4293817559608577
0.5716523235756221
1.0336070842106237
1.4739903493871134
1.0795324432735889
1.0130143059620866
1.1915587808666708
0.5764779352583406
0.8609396391701902
0.9731799457735287
0.4545125133218972
0.8241198723570633
1.5912248596969027
0.7282096979010586
0.7654114112803145
1.096915932553566
1.5557604449392113
0.3977355245119037
1.1860194814707865
0.9184397650194923
0.04975726760591877
0.32770294497447716
0.7712040530528187
0.6133587281491952
1.117953617489891
0.480963978789294
