1.0451439029809226
0.5298497875365351
0.8800158606027618
0.7592520179038369
0.9240138847014833
0.8349439107552203
0.4244191251842635
1.8334841366683567
1.3073924478434584
0.2049022632224946
0.661745831141617
0.3675220552262032
3.034421163249926
1.4282851565734638
1.1222739699650335
0.8804174837809612
1.3942484461449913
0.2614774181386297
0.7686969093255974
1.1311226271641808
0.6147825532103395
0.5570597670942423
1.3903723543443554
1.07383884903974
0.1735201775224838
1.4723718368900662
0.8526975158922127
1.08121253109009
1.0504468212494036
0.6297453529752277
0.14330305767553347
0.505031918756494
1.7749646561742585
0.5991400129286815
0.24548913097552957
0.2959862512938425
1.0371022446025464
0.7901437256512256
0.7579943732016485
1.1997640819436661
1.9546068859415067
0.8090414308815155
0.7937206275467369
0.2863042734213608
0.6385835177721527
0.9891601893895237
0.5774731985339508
0.5707729780448954
0.5626383906715914
0.671905700715945
1.1736923405338524
1.1247876901977696
1.0203139253019482
0.5253887525277975
1.3202755601271154
0.631140856021043
1.4540736431842574
1.0145406416489533
0.8489597464417873
2.905417170970176
0.8754145378100011
0.5104044261695792
0.9608460133700689
1.205425689433262
1.1033148330983642
1.0745126700673626
0.5053625176427606
0.7802877035596578
0.49247208611853305
0.9261926980043238
0.927738381346121
0.5934504668377836
1.7598780288119964
0.1169826866659814
0.16783136564994333
1.1886217257486746
1.3513946795727325
1.0317854682577694
0.6409975733322117
1.6820813878578753
1.2381914782573218
0.16645111172125446
0.9729537269263064
0.7904773500976998
0.6719995772096699
0.8178059795241898
0.5761789295827837
0.8248489076081263
0.49986001691395787
1.2040986624968217
0.3087868024498676
0.6667380941335763
1.7819826608876945
0.5825917831052884
0.2995592320517921
1.577161611409399
0.6236640103089951
0.7980472768332463
1.8242568521556124
1.0031448998962615
1.33242846734578
0.5517128050269967
1.4680392880149888
1.0810505359081426
1.2581946540465478
1.370982285367426
0.2189487913890991
1.0078177279221083
0.7158316640297835
0.5720751426389404
0.8100601848244199
1.0236016827633767
0.5418146025630642
1.4538413740119291
1.214144747230402
0.48535832296404635
0.45602502235099956
0.5795457397608333
0.7682760116426447
0.8517020429673712
1.9620591194134356
0.06958885463583221
0.9880365920710148
1.5919654222521606
0.7857625812267327
0.7863732786826899
0.8106686406175494
0.9369788106665976
2.0806234048165013
0.33760457511286474
0.6779218174037283
1.1108937603756497
1.0277043370597638
0.5129444187163481
0.8377553444100413
1.147103725542345
0.8330366541977544
1.4988302495894288
0.36806064571410013
1.0421228684640769
1.202925103954133
0.5731098191076834
0.16075948475585256
0.4013216186518264
0.747657649939271
1.8951182189605884
0.8634154480996501
0.2932808932268682
1.204201257514834
0.15436050203252663
1.1127882695647595
0.6895053253766714
0.22440684676063133
0.6047417019400624
1.098030082787957
0.8085961170030488
0.2127613152492852
0.3996845555026337
0.486096623273206
0.5227852094864874
0.20064773829720894
0.3595364895786265
0.5887579139336019
1.5581427865836852
0.10550207530363533
0.4984180988027678
0.527991893684306
1.0234075538782437
0.8041674112084305
0.4114002879177758
0.676696917297767
1.1006180877978766
0.2834484653999753
1.61626960849345
1.4320566427824877
0.8301114880279346
1.1048423078475669
0.5301229182295687
0.6331156730622431
0.3475932067802551
0.9516221551609448
0.684956448031681
0.6263340135301194
0.7174513966284614
0.3652247294560039
1.943271347962295
1.4164470369173365
1.0089358827470458
0.9267946226002057
1.5886563540214786
0.11953775799130391
0.32393665415189643
0.47890575220375825
1.0829193433566726
1.206199515205077
1.2038743256380768
0.8907145300731031
0.693875468539517
1.2720604033681158
1.3830901527393167
0.4750372304849533
0.9323925705557445
0.3795559626614574
0.7146350910193112
0.5195853232232812
0.6472415327126098
0.8823554572970758
0.8157242479274491
0.5677762268305488
0.9960244147609458
0.8704911370149693
0.8519035617007666
0.33343441569213
0.9881431598799815
0.5971368268169646
1.028093225930137
0.35231622752238695
0.4508640912504448
0.6875688791269702
1.086338371682583
1.0832183455906865
0.37826129500603883
0.5787935038275794
1.0656812477561926
1.2944234696180574
1.5889030606589427
0.6626085799967186
1.1418549107243094
0.508244031074341
0.5209479282537485
0.48337620658537933
0.6145098783743821
1.7112880321475876
1.0645118228579709
0.5806646803719804
0.5926023794168626
0.4722884816702355
0.4379389828398541
0.5817248701895489
0.29180509214444583
0.9812109445329066
0.3363702848582956
0.5359928499089519
0.42129281060139734
0.24336368262493702
1.1439223695904166
1.6876486594369076
0.6268135325239116
0.7894687685554483
1.6252390381120885
0.6461795815666302
0.5989417922947315
0.8333446277884602
1.2771830175978014
1.2019835225044107
1.0275758050688553
0.2345450712766297
0.4161154411356656
0.8394787728500688
0.7258468812958213
0.3060225041155291
1.2125917420660635
0.1035268724365517
0.9893187488164491
0.0868789860386634
0.6737134186290799
0.9274469626236205
0.9537023017803564
1.5802847174214862
0.3017106420373134
0.7798016524745115
0.938842841945648
1.2109502898491862
0.8068101523831549
0.8764829640254603
1.1084507228597964
0.5039543529715534
1.2014187064944646
1.191729482937046
0.6544801415486594
1.0934841004006168
1.2908821585262638
0.21228524172259836
0.4432070957844595
1.1612968230005214
0.9439919665143324
0.4646378004347686
0.7513564834224118
0.7945644608118314
1.0583752913724518
0.6784075737081913
0.2937597183726663
0.7332805076239008
1.260242025917633
1.2130572899792549
0.6363925937578874
1.0854171378161563
1.3614382435939845
0.6257515568953202
1.589378330887092
1.2507717141378638
0.1740718519344952
1.269570501467147
1.1374716643572182
0.22845491678257773
1.4265173763045702
1.7147306896361518
0.7779414193531132
0.646164248174855
0.7243872082225773
1.4460997860671065
1.3474195241255156
0.2881597820600689
0.7399923365825533
0.9492357760518332
1.4189358986662375
0.09959835325585593
1.1375685820307075
0.62533367547297
0.8174427404786547
0.46625305150053126
0.3647591104260169
0.05594136106813956
1.1208429864728695
1.1775297184210038
0.7929574098346057
1.0683435647302149
0.36707691430837663
0.6678407474177662
1.1093619873653606
0.3747791455031941
0.5467671933929319
0.9324180159480273
0.6561562207007091
0.5362087850640539
0.28968528747148653
0.8019278361688594
0.421814968232142
0.6021232958671913
1.941535378766222
0.8255648123680159
0.5749549697729093
0.21131879805955223
0.44380155326931703
0.43172484027260705
0.2804734039696975
1.143360501155573
0.35720561472139006
0.9464018468616026
0.41463149870963445
2.0158478070126105
0.7388353478131763
0.8129566554097043
0.821846471493238
0.6382751414946501
0.3678641428869582
0.6793543274465679
0.5975191538928184
0.7663042972887466
0.7583997707230333
0.6098707837926209
0.703623608751273
0.4464324156795139
0.5581657807917663
2.5383326698032627
0.8334571668780482
0.7729875720413438
0.9705951384967314
1.6354840260107009
0.8567841634826633
0.5425847834726379
0.7913443498277227
1.2665810321315798
0.42259551139199625
0.6032487111775715
0.18101326591841344
0.28786679796588094
0.04132516792530053
1.5111975474329755
1.7861041957850505
1.8413011023790105
0.3476418720277152
1.2053849868330329
0.88973326757312
2.0428508131156735
0.42549472846285863
1.6244073521394335
0.7112056457201907
0.5513048576379838
0.6726250583845828
1.2034257414174268
1.2242050382973835
1.0161136612398258
0.8478538396180244
0.26943456573908325
0.985421537330962
1.250005179925451
1.0062073837952725
1.05827432162047
0.6551674061020653
0.6423309855967655
0.805058687757914
0.3350052507680656
0.2751317585472081
0.801178077625795
1.367653029115769
0.3778431748931157
0.8068077641425974
0.8149975833265233
0.8416300278569624
1.0163299221524729
0.5886875555743265
0.264286774943948
1.7149611249012442
1.0918329978808898
1.4955801169045482
1.2989639081861413
0.8216627576913539
1.2653159397115175
0.5511010371525185
0.788602254073586
0.8502689055303815
0.8274005396819332
0.6665098846720592
0.7357167940840058
1.1216452946072777
1.0090720209218722
0.3576785706813852
0.749269108240329
1.3029985624087526
1.8341485556448798
0.19518788905138287
0.8917609689271336
1.321189044320717
0.6494688672266317
0.6034424525867674
0.5637187301836872
0.8783475255479505
2.0825595207821843
1.3856790492544437
0.415833331915062
0.72419882784187
0.6827260056627291
0.6180244327701702
0.13057184491865445
0.9410289809375294
1.3549923543824263
1.8138023140874806
0.5045376163559073
0.3175394258913015
0.5660906463712607
0.9988383806667219
0.8666576545910383
1.4531461606780711
0.2612119651458178
0.31274869474701605
0.34829489869192753
1.9507413379630196
0.3910973710158882
0.9158065724023049
0.42527758280864225
0.5071109931737806
0.6255283311248566
1.2939023998101493
2.0794583574836243
2.162079409130584
0.7497148095805433
1.0146157100453244
0.5544914185435305
1.185719449500201
0.9431099566830302
0.957453961969956
0.46508982242732333
0.9385394481095058
0.47415417424403905
0.9260070037799972
0.4319975123339414
1.9708761341466818
0.8550036159721015
1.163859360836085
1.2498994290607663
1.1684264396405708
0.221301704095005
2.0239221418336766
1.1724716543470488
1.0592246723407437
0.6981236245365211
0.9422870619516309
0.5613971030891205
1.5065079129402426
0.6780936228516723
0.6057419518831801
0.755368251361398
0.9320399601161226
0.987595993834506
1.0714756568787456
0.5733779325084002
0.7447062351545418
0.6698187023942259
0.5130189470209423
0.6621076668488336
0.9975930964271918
1.3441429968934682
1.3306159450545434
1.4732344114317706
0.7381925066644439
1.939264011343923
1.3595581058032267
1.2680247231994397
1.0031976879548998
1.3232234144562987
1.8218256954482586
0.869277619213429
0.5844126382311982
1.1311960030116701
0.3069906696214761
1.4576186778934437
0.49302417555997047
0.35271533608449135
1.6174146841551145
0.9001650310015082
0.4211954193060739
0.25720685066634
0.5415256837777
0.4433744070247587
1.1217479692818462
1.044274745546491
0.587661941846368
1.066895507609241
0.5178257602387634
0.22740672100496073
1.003690838055369
1.3376606679446212
0.9016933393725104
0.6846621696227864
1.2783879821459019
0.39285406714523124
0.8277692826845683
0.5450636158965048
0.9427890761929164
1.0498640566747843
0.6576410777065379
0.9959256231117214
0.9993149406903364
0.9621217692070938
0.8754279642353979
1.5878101963589366
0.70333108103101
1.2138763720402679
0.6239621528302418
0.7907078079084424
0.4830872423863368
0.9355311591627404
0.5031726519272757
0.6904551246454859
0.775169609618736
0.3924375607177915
0.7829684574273849
0.9101257605004469
1.4310715495959556
0.6573892123455346
0.3453836074974462
0.816046273300556
0.13572594343329653
0.6880598746466985
0.7337651132411735
0.6490416539816486
0.2762538611623836
0.20118018043405503
0.23379811539324905
0.5653400263686514
0.8979835364623512
0.5339862471659174
1.2154700897650246
0.8856892108336092
1.6852080933431244
1.7957091074647464
1.4034363396532248
0.2310574244493955
0.8380442018967862
0.3410871612719698
0.7538615298883589
0.9033663598679493
0.5719402533675741
0.43239902721720114
0.716097564667468
1.602894511569384
0.737522843445145
0.5061899155532316
1.2476918580419574
0.8070360418479925
0.6239875282240182
1.328950150930042
1.4958898669552
0.8644815487005556
0.9258632728133019
0.4770673559941296
0.9827425455828116
0.8690000053092753
0.3219069539706775
0.174605529783566
0.3734121339858576
0.8727757598827595
1.133147100946204
1.0436019578592635
0.954194278615983
0.9787603710021765
1.0838086011753552
0.969339736148803
1.0414688865149488
0.4678826679267913
0.8252735122727304
0.7767959735754816
0.5839484557159336
0.13377365796688967
0.9186241699740507
0.6260227246880747
0.8411438252739347
0.55245241413925
1.4411416901417282
0.7516061279130688
0.4245318086903984
0.49031209735170966
0.9279826527884549
0.16508990388559563
0.7646632650361329
0.6880910440055201
0.6364082819456447
1.1161427184124548
1.1390633895414068
1.0348573116596753
0.5239022499989276
0.7332821092013116
1.1652161402301324
0.7608678706704711
0.37345577280275954
1.2991883908912376
0.5617943466464744
1.5494142597101639
0.4013071420862944
1.480768497116079
0.6593529945484905
0.6132510488654878
1.209350037086099
1.2238541283689528
0.4483593963817028
0.8028777862007207
0.5898956601790823
0.7423909289038125
0.4350687387601426
1.115647001275711
0.9377496199195368
0.9558367822151372
0.8808778631424087
0.6192987028338172
1.4876082741535273
1.090348416915918
1.1418091436063742
1.2954240594732667
0.38942448203404056
1.491965250806775
1.3800425766353106
1.7327724234051765
0.4755472950487786
1.8555839480646867
0.4476348498583764
0.81223383402995
0.963842844263596
0.8002211547726267
0.7594145211461818
0.9449379594485383
0.5674931081073578
1.2908436016654221
0.47230573333854153
0.6228894150790235
0.7270457878189722
0.5279014705100813
0.8754207165022863
0.6072198611854654
1.176504508135032
1.1235988570843083
0.05363537827998241
0.8377022699140513
1.3956370343528939
1.5589958953240606
1.400826199173547
1.375171225461232
0.4164827032512231
0.8017721381210413
1.324214381507394
0.74361066834732
0.5364948296573663
1.2020451602350422
1.2977773647520996
0.43071720653021855
0.8966413561447364
0.6845096914609615
1.1040077648130147
1.5338390165112905
0.7507962636932689
1.2013537149959785
0.6578490884895648
0.5982809576427697
1.8975420092484196
0.8828217294143819
0.8439155615385747
1.381272810084364
0.8837101777889426
0.21326361685224962
0.9735123735361191
0.787911751854043
1.1598709743213869
1.4350567635634142
0.5140798362538962
0.45989807185584664
1.2564969199924616
1.0633738324152326
0.9030604501876812
0.6933687303127989
0.8808459257270548
0.685576365759487
0.38668958946225607
0.07537840125065247
0.6057242436848376
0.7297925292628062
0.9773873337446785
0.6200343649206622
0.5646881524703989
0.9777210827006098
0.31509544108373305
0.3123859139665247
1.0261705140675672
1.0897652530857507
1.2782728808798127
0.3136416924328269
0.4174712126891311
0.8812373476327549
1.2105878012787978
1.5352707567161075
3.2912087300317787
0.6298248508886471
1.9181940709352105
0.7057161687557351
1.2452027104704118
0.6400317849475039
0.3301426829561919
0.12264205408174624
1.6336246117424138
0.9229633608085914
0.39438452823143666
1.6448208297390705
0.5695148957681757
0.6296977523521825
0.8152374858802548
0.718369317447212
0.3060323467234266
1.25735160813131
0.6945266948440851
0.6467816529564223
0.8413386038843061
0.676811431304127
1.1129933848880214
1.0739897850180564
0.651185165738785
1.061259886403521
0.6968369700777639
1.1955152993876914
0.3759196054254106
0.3738987955474081
0.5328570183181415
0.3985511472070215
1.3158499181123895
0.7805149456812545
1.0679780073678757
0.9232460218219941
1.1323925872428284
0.8804109831447512
2.4637867669228783
1.1422709602049326
0.18293602133141681
0.4101242090461668
1.5335286904051342
0.6481412080814039
1.1048916780762583
0.5758549239483066
1.2201938323349255
0.9389091083079134
0.10785616672934847
0.39388367232722027
0.4088421515519251
0.16456476688526675
0.8054401116489214
0.3226795971997217
0.7146726174878465
0.412830830635454
0.7848621709283078
1.666022400748806
0.5208420738013896
2.065463975098158
0.6074441007243369
0.2938195042458917
1.3901484206206778
0.611973235518569
0.7978677449291977
0.8591597671579942
0.5169720387136567
1.242879868066747
0.1360038695671139
0.8394082900764475
1.9032269071357066
0.9010021775241148
1.0864125566256033
1.0328754477126136
0.1325525745844698
0.9920840746187538
0.48371396801391076
1.06344981363054
0.9359927258850963
1.4223661186886245
1.086882879745575
0.9582086177866146
1.2264000382433222
1.3382259376679693
0.5633064214321704
0.36121938586439095
0.7731854642956191
0.2662285726958415
1.2489420518268957
1.7559629357109907
0.6240020417689829
0.4456569075726927
1.4132389123248692
1.55762961503652
1.1248564181108536
0.4503054672519328
0.6157786567000839
1.0174204032725003
1.1751139274713331
0.47855990353114297
0.5056245202809824
0.9918895578800424
0.5475891765274478
0.5227810300905759
0.46432378814657
1.457674298327349
0.05289835563791265
0.8573273959544957
1.2865100143014876
1.6460957108844356
1.2646384803490378
0.22554529391128042
0.7143946899710102
1.0702819331957838
1.3530455766311433
0.938877135149598
0.561664756390059
0.6487163906322726
0.5003885590116854
0.37539978067562263
0.3939193042671533
1.5269248259324255
1.3821663611636072
0.6118535247060729
0.05505697490382225
0.10541887103000734
0.8076077739407349
0.31583365415666403
0.632397921835186
0.8754753869021789
1.363959593129278
0.41012643998403514
0.7574111306119897
0.8431898146690422
0.6060879593000345
0.4266045129651967
0.3508172645591899
0.5122246532497623
1.07061128350098
0.8764510109837801
1.5019801179147716
0.8960131610828961
0.19711717645986773
0.6928290928749841
0.8171268734687256
0.2618380708045259
1.0419615640281414
0.7996632430265866
1.5985036787151716
0.44076459021065806
1.3881952387401475
0.316833408485114
0.42554739268046204
0.9739979567017797
0.5822346114228091
0.8709596581075638
0.8628221957701154
0.812738371317618
0.6967755149848378
1.1836499479872866
0.8990666433738479
1.7262204586907353
0.9717072448441161
0.2148083252599744
0.6794691519423003
0.964802579544145
0.9419945534887181
0.1435764984738187
0.23220040765468833
0.5368670616963824
0.13185119690402078
0.9419890542469991
0.33344766617016525
1.590355877664704
1.3377118921942779
0.6765969114959782
0.7071207857358516
0.48468194834734235
1.3779590896390002
1.2076794593749198
0.7860952033552538
0.8856605139604752
1.8408283191193957
0.6798456651727348
1.0249197749839307
0.5566203016113708
0.447401719910641
0.7533744583955104
0.6833673875825672
0.8191136563774691
0.5876637368169029
1.559672834340257
0.33749426388423565
1.2644834366995668
0.7650218909545569
0.545153863172942
0.9997286913853609
1.1358992105718408
0.4589970988308296
0.4998756398414254
1.65266646159452
0.15794314698371523
1.1374288225239786
0.49057292467133684
0.3822130758203688
1.137540249143112
0.5634858386094185
1.2979042613359086
0.7096316872074176
0.5589479443556481
0.6804684212619874
0.5945433290480481
1.5529215589669907
0.21256757275927593
0.5507751107472462
1.1361464630587583
0.6743859984988649
1.4270302753906898
1.0328857906313607
0.4856453744113802
0.7241083538830752
1.265213496630034
1.4275325440886844
0.46220138077465045
0.4732544037025433
1.0659320611552423
0.5200483243212073
0.9529824906829647
0.9122508100311449
0.505741945252626
0.7836538475995384
0.6772204474270519
0.5660312034381924
2.1143484122924674
0.7100188717421463
0.4295396912372317
0.35649471982982683
1.057692736418161
0.4151594309787104
0.29215414198113904
0.5109006107833163
0.8284165454777834
0.9310584033477772
0.6738239225319524
0.49982850935067324
0.37665155551298657
1.0079343818073807
0.5998459911127103
1.66050443636368
0.3443666286781161
0.25121749974908664
1.2173970350870502
1.1829480959179777
1.2286949896720254
1.9895083611862947
0.2763110374110231
0.520761366199393
1.2094332194436417
0.4344382421643615
0.159960360366691
0.9652022634451647
